00000000000000000000000000000000
00000000000000000000000000000000
00000000000000000000000000000000
10001111111111111111111111111111
10001111111111111111111111111111
00000000000000000000000000100133
00000000000000000000000000000133
00000000000000000000000000000444
00011110000000000000000000000000
00011110000000000000000000000000
02011110000000000000000000000000
11111111111110000000000000000000
11111000000010000000000000000000
11111000000010000000000000000000
11111000000010000000000000000000
11111000000010000001111100000000
00000000000010000001111100000000
00000000000010000001111100000000
00000000000010000001111100000000
00000000000010000001111100000000
11111111111111111111111110000000
00000000000011111111111110000000
00000000000000000000000000000000
00000000000000000000000000000000
00000000000000000000000000000000
00000000000000000000000000000000
00000000000000000000000000000000
00000000000000000000000000000000
00000000000000000000000000000000
00000000000000000000000000000000
00000000000000000000000000000000
00000000000000000000000000000000

