111111111111111111111111
100000000000000111111111
100040000000000111111111
122222202232222111111111
100000000030000111111111
100000000030004111111111
123220222222222111111111
103000000000000111111111
103000400000000111111111
122222220223222111111111
100000000003004111111111
111111111111111111111111
100000000000000111111111
100040000000000111111111
122222202232222111111111
100000000030000111111111
100000000030004111111111
123220222222222111111111
103000000000000111111111
103000400000000111111111
122222220223222111111111
100000000003004111111111
100000000003004111111111
100000000003004111111111
100000000003004111111111
100000000003004111111111
100000000003004111111111
100000000003004111111111
100000000003004111111111
100000000003004111111111
100000000003004111111111
100000000003004111111111

